# BLASTN 2.2.26 [Sep-21-2011]
# Query: preprocess
# Database: test_out_TMP_SNP_DETECT/fasta_allinone
# Fields: Query id, Subject id, % identity, alignment length, mismatches, gap openings, q. start, q. end, s. start, s. end, e-value, bit score
preprocess	d542f94b-d12d-4e43-bc21-fcc565faa6b6|1	99.90	1000	1	0	1	1000	10086	11085	0.0	1974
preprocess	1e8de2f2-f9c0-4caa-9328-d2ba274d76e0|1	99.90	1000	1	0	1	1000	9279	10278	0.0	1974
preprocess	835937c6-a451-4929-a659-62ce247ce06b|1	99.90	1000	1	0	1	1000	5574	6573	0.0	1974
preprocess	f906a484-3548-4be9-b506-39f0dcce3d72|1	99.90	1000	1	0	1	1000	554	1553	0.0	1974
preprocess	b89aa655-8d3b-4740-b4a9-f40c7ba83fa6|1	99.90	1000	1	0	1	1000	14186	15185	0.0	1974
preprocess	893f2c09-bc3d-418d-877a-605b2ba39d22|1	99.90	1000	1	0	1	1000	352	1351	0.0	1974
preprocess	f17c2f07-ae20-4198-a5a1-f55fd5917419|1	99.90	1000	1	0	1	1000	788	1787	0.0	1974
preprocess	5e43f732-6511-4398-8503-042fb3b57508|1	99.90	1000	1	0	1	1000	3284	4283	0.0	1974
preprocess	c0f94244-5c9d-435f-b84f-84add0575d6a|1	99.90	1000	1	0	1	1000	5235	6234	0.0	1974
preprocess	7a31ebff-42dc-44a2-8dd9-32d9234fe657|1	99.90	1000	1	0	1	1000	802	1801	0.0	1974
preprocess	57f6bf7b-9246-484a-a34e-c2e0beb038ae|1	99.90	1000	1	0	1	1000	2655	3654	0.0	1974
preprocess	ea958fc5-ba10-41cd-addc-1821d2bf0896|1	99.90	1000	1	0	1	1000	11236	12235	0.0	1974
preprocess	95cec037-4dd8-4787-8968-6eca527586c7|1	99.90	1000	1	0	1	1000	10791	11790	0.0	1974
preprocess	9b693934-2a63-4c0e-a22f-e5b50a1d4146|1	99.90	1000	1	0	1	1000	4587	5586	0.0	1974
preprocess	5d7ca9be-50de-48c1-9a35-9067e443a641|1	99.90	1000	1	0	1	1000	2991	3990	0.0	1974
preprocess	2dd2d619-2f53-4834-994f-615f44f450e5|1	99.90	1000	1	0	1	1000	8474	9473	0.0	1974
preprocess	ef703e12-700f-402a-8c7e-506209604578|1	99.90	1000	1	0	1	1000	1470	2469	0.0	1974
preprocess	19888736-cfd5-4f6d-ab49-5d87390773ce|1	99.90	1000	1	0	1	1000	1194	2193	0.0	1974
preprocess	d9536cf1-afd7-4d9d-8eb7-e35ff3b9db22|1	99.90	1000	1	0	1	1000	10267	11266	0.0	1974
preprocess	968101ad-96f7-4533-9898-f9c501a50b9a|1	99.90	1000	1	0	1	1000	3133	4132	0.0	1974
preprocess	1d6a90cd-42fd-4efd-878e-fae8878fca34|1	99.90	1000	1	0	1	1000	2691	3690	0.0	1974
preprocess	fd604b4e-bb89-4993-8796-e12e2500ac4f|1	99.90	1000	1	0	1	1000	8275	9274	0.0	1974
preprocess	00029623-7ead-4d1b-a6d1-75591a53ad24|1	99.90	1000	1	0	1	1000	5000	5999	0.0	1974
